429
428
629
628
819
623
421
815
621
423
422
817
425
810
627
427
812
740
741
742
319
317
313
749
311
310
498
499
658
659
652
653
492
657
495
654
595
85
597
80
593
599
89
341
342
346
241
349
242
245
247
111
110
35
525
36
112
115
31
117
33
116
119
38
529
472
470
670
518
474
673
517
140
141
516
725
511
679
144
721
512
779
778
777
771
397
394
393
391
399
696
694
695
260
267
264
269
699
212
402
139
138
216
217
405
548
9
404
59
546
57
409
55
543
540
50
1
51
371
373
372
375
374
784
786
756
752
750
758
299
649
648
292
482
290
646
487
296
641
486
485
568
560
71
72
563
73
355
358
708
537
26
534
24
160
23
22
21
162
163
700
703
29
707
322
320
458
326
325
616
455
328
614
329
804
613
610
186
184
185
182
183
181
550
555
45
47
556
46
48
434
435
432
201
200
203
109
431
106
634
208
101
733
735
738
300
303
464
467
660
155
156
151
150
152
92
93
790
96
97
94
585
98
589
798
688
252
253
683
687
259
686
289
288
382
284
388
283
282
364
363
229
361
228
222
177
19
718
602
172
604
607
712
500
501
507
17
715
179
505
335
331
330
333
449
446
445
443
338
441
440
768
763
760
761
766
767
765
191
190
193
192
194
197
196
128
129
579
414
416
573
418
571
123
125
65
575
64
127
574
818
420
816
424
626
426
624
745
318
316
315
314
748
312
490
491
650
493
651
656
494
496
655
84
594
86
81
590
82
592
598
340
343
344
347
348
240
243
246
524
34
526
113
37
30
521
522
523
39
674
675
473
149
471
672
475
729
142
515
514
143
724
479
678
146
147
513
145
775
770
392
398
262
697
261
692
266
691
268
698
213
210
401
400
58
214
549
8
215
133
7
547
132
6
54
